1.307902393872735880e+00 -1.112026483732797777e+00
3.659281300234342726e+00 -3.301443298120247061e+00
-9.672303774289868761e-01 -1.128950098267965219e+00
-4.635389407601400724e-01 -1.151961267307916259e+00
-1.025990940599770695e+00 -1.859432435956909879e+00
6.446981902616703841e-02 -5.990953145506454636e-01
-1.383970121663697705e+00 2.913331702740702411e-01
2.467697441950858217e-01 -1.461419573349726830e+00
2.338890847807911566e+00 -1.982469914784586340e+00
-2.089053175088716241e+00 -2.210718151985445079e+00
-4.065420609218693748e+00 3.402499067625494700e+00
8.975839650604107156e-01 -5.073743549102894823e-01
2.647123550852329199e+00 -1.537522636015896893e+00
-2.325870597535353301e+00 1.534354621722315404e+00
1.250971203178098845e+00 -1.349889548634977787e+00
2.806247953474932277e+00 -1.579087506912643990e+00
-5.046448101028887301e+00 -4.937311767827492481e+00
-5.131550184071732579e-01 -5.672990698294126943e-01
-7.749704988853777232e-01 -1.270427075540077722e+00
3.076875771970891904e+00 -3.791045499465388158e+00
-1.199811508782326896e+00 -2.244880800958755973e+00
-4.600084365104791240e-01 -1.235525666670024281e+00
-4.879960570890994886e-01 2.356797374750257745e+00
-8.423763375730540792e-01 -8.546469071539687379e-01
4.584240834367534490e-01 -2.141694084312896207e-01
4.374921749936049320e-01 -1.710832932171613363e+00
-1.587048262195620341e+00 2.781617075651348081e+00
1.780471287639163958e+00 -2.894075070176799436e+00
-1.485721730166756349e-01 -8.712149904751983476e-01
-8.541388596826485768e-01 -7.008151099428987507e-01
-5.630258877456241207e-01 -3.276163627716299320e+00 -6.421165752752668043e-02 -9.504799952148870745e-02 3.754200050891132734e-01 -4.819835889900297987e-01 3.271569915773605008e-01 -9.110666484568917534e-02 2.092741908425943098e+00 2.380797016449948345e+00 4.063998418677356561e+00 -6.975172084638778247e-02 -1.082033197184887996e+00 1.493271844947690496e+00 5.555235093194332840e-01 -1.588494139754942358e+00 -6.973171041190553865e+00 2.839580973736048342e-01 3.592097303377801421e-01 3.968321530632002769e+00 1.857403278122303769e+00 2.574101256356596812e-01 -9.235460283409713256e-01 -2.604872550828451483e-01 2.925623999277117138e-01 4.966199238709250730e-01 -2.256349902873315383e+00 2.114550245244782634e+00 6.920914294187203997e-02 -6.207925275916009733e-01
7.255069523876225661e-03
1.947303408701607674e+00
4.907742637523001411e-02
-1.301725130501660388e+00
1.130659370958917886e+00
-1.180002915690892440e+00
-6.365471309081166540e-01
-2.314224820644219527e-01
-2.051381827055437146e+00
3.297378542985402117e+00
-1.933430220172976721e+00
-1.124614095079691234e+00
4.036020476540974622e-01
-1.302582022702855946e+00
-1.088764433694637823e+00
6.086279992914883641e-01
1.817146948685161689e+00
-3.206574086473057417e-01
5.452818803650649748e-01
-1.690967607488044422e+00
2.433726330554269790e+00
3.104770540965767420e-02
-6.987704748491810891e-01
-2.088577376886677772e+00
-1.274135889045092451e+00
1.245105187921344697e-01
6.977946740986976648e-01
-9.970962194870967021e-01
-5.821292464460960936e-01
-5.900372622914503706e-01
1.358385720499091454e+00
