-1.993492122933718358e+00 -2.038984187983572838e+00
6.780195063143008571e-01 1.425706306383415223e+00
6.733818119412136038e-01 6.269749415223482281e-01
2.316808793856778070e+00 7.163220437201561763e-01
-1.915215087174306330e+00 -1.992566806891361120e+00
4.711806649927691715e-01 1.182582822569652414e+00
-2.250222145700053050e-02 -9.402573698564855587e-01
-1.185644362725114309e+00 -2.242149458344720792e+00
2.455563048458959230e+00 2.454128903195760270e+00
4.236569011486231995e-01 4.321472145635454343e-01
1.667459938199433500e+00 -9.752755324280928395e-01 -1.062049379743793764e+00 -3.131986611915212881e-01 -1.298189186294993025e+00 -4.253164064874874195e-01 5.492258575578162771e-01 -1.314322164913104052e+00 -2.887324807255832737e-01 6.597129845278747358e-03
2.184519458546179571e+00 -2.325390907868162937e+00 4.190375497531155236e-01 -1.115738741337174711e-01 2.478173554951830670e+00 6.310264714979568756e-02 1.166893610022638583e+00 4.687486734088614604e+00 -1.285932985626330405e+00 -2.145079779924739805e-02
-3.663740133003019483e-01 1.612897187844815949e+00 -1.157942952254551239e+00 -3.848925325771896944e-01 -3.194029643308001210e-01 -1.233254870691768090e+00 -1.293664536703248436e+00 -6.882207160003286361e-01 -1.007685008838036689e+00 -3.624229688613397338e-01
-1.147998214164138719e+00 -3.229397498819289059e+00 1.997345885368610796e+00 -4.476522361559813479e-03 -1.168905534963658566e+00 1.871321754483772914e-01 9.610155345743397470e-01 -1.160433348142823284e+00 7.699666678153689325e-01 -8.191077267405820761e-01
-3.079009498332490491e+00 1.299486280097815305e+00 1.013869369576389401e+00 2.134490158330041076e+00 -9.243497477637760973e-01 1.256212434336999806e+00 -9.778227970966041349e-01 1.385398996067557509e-01 2.227665467251075615e+00 3.948269057530997411e-02
1.960440597976148114e+00 4.542455574303805310e-01 -4.030657213295182895e-01 -2.206337426177003458e+00 1.798124461459439605e+00 8.210230204719112801e-02 -2.434526930721393201e-01 5.066353543272350546e-01 -1.559352300198218133e+00 6.750731384535793578e-02
1.184492429600154884e+00 1.413149084621323270e+00 -2.294655321205118781e-01 -1.061519467636490077e+00 1.432907154151815909e+00 6.433094777022597688e-01 5.144766035313395047e-01 -5.994189178187923073e-01 -3.461974423759188735e+00 -5.311761060913056109e-01
-1.436733356026562436e-01 8.540820201215445495e-01 2.123767572137157389e-01 1.454728461264275241e-01 -6.992190279510288597e-01 7.205700459967379068e-01 5.941683065313363432e-01 -1.143583531855086877e+00 -1.487656921918605879e-01 -4.890731965245321278e-01
3.182182886146610046e-01 6.879509808910080348e-01 -5.647285851600926110e-01 -7.847120431923423900e-02 -1.736044872766286939e+00 -1.346137988175629241e+00 2.171214877333276227e+00 -5.920690572177826905e-01 -4.503638920563073911e-01 -8.342789424519143626e-01
-1.615680839950180081e+00 -1.229236687081622544e-02 -4.452729763355235404e-01 1.262421265575893958e+00 -1.314859801130109807e+00 1.924362717635038911e-01 2.290726013541460659e+00 -1.014909980466549122e+00 1.186449847353465925e+00 -6.348868734935898539e-01
1.355590562836309632e-01 3.617157041011877183e+00 -3.375141972193668877e-02 -8.060278571210834075e-02 -3.197429000865517956e+00 2.338230554148391427e+00 2.078060871314868052e+00 -7.449478274164582636e-01 -1.311976311795812478e-01 -1.576503135734661498e+00
2.351553290374167382e+00
-1.459580351847017399e+00
-2.203070012994538196e+00
-1.405648982321546558e+00
2.371160524085079047e+00
2.810093955233709528e-01
-4.842629619984613054e-01
1.857698436270636133e+00
-3.357517627774762481e+00
2.620750989126373071e-03
-4.182143449971488791e-01
-2.064514637663705354e+00
6.157968927154898742e-01
-7.712763289802201383e-01
-2.903139335449610225e+00
1.634117853549101052e-01
4.395965263937636758e-01
-9.699871557077625051e-01
-3.239826699728436399e-01
-5.266060437895405677e-01
-7.889875754183895973e-01
