3.617502777583377682e+00 -3.027957866628133488e+00
-1.966004445189416305e+00 -1.645877532825919198e+00
1.164936443333407734e+00 -1.490122246373934312e+00
1.358092345116054478e+00 -2.692361727084370937e+00
-4.343680739985737449e-01 -2.200106433101502723e-01
3.422379643630193424e+00 -2.983893765546015153e+00
1.671129562717417416e+00 1.864314795754567378e+00
1.083768628337834494e+00 -2.174584313744056363e+00
-1.776767437990579790e+00 -1.827670027725154078e+00
3.779016931735583729e+00 -4.772586413942075723e+00
3.361431797869443017e-01 1.470709783766069867e+00
2.800011774980218249e+00 1.593634084457627553e+00
-2.196321682808256792e+00 -1.195535433908926581e+00
-8.732072128109910070e-01 3.901796848381680061e-01
2.365712349570111561e-01 -1.280731146948345334e+00
1.702294495914428163e-01 -1.196609746947567166e+00
-3.435742487743179918e+00 2.908481247954417537e+00
-1.702191753553518261e+00 -8.181065848661950302e-01
4.282095780509482252e-01 7.952029856897140370e-01
-2.501641162814493224e+00 -7.335351337850759545e-01
-1.806665161034716194e+00 -1.082426715687859975e+00
1.331411898248923142e-01 -1.836113270490169036e+00
-4.979950443855630127e+00 4.191859426701454616e+00
9.936023290739323111e-01 -1.414503173876299646e+00
2.686151404025217904e+00 1.787128231141194457e+00
6.297829694338000772e-01 6.063843618431308258e-01
-1.061393875527956387e+00 -1.576678023582651911e-01
1.333759423649551579e+00 -2.880465700103246984e+00
-2.695571841960433090e+00 1.929096220769289882e+00
-3.770936048946395003e-01 -1.303324971214074646e+00
-3.167312297162046431e+00 -1.633228855541984270e+00 1.341181983682951717e+00 2.092179839286891774e+00 -3.321259565988022855e-01 -2.951251466213065999e+00 -1.808892211148565909e+00 1.521684349194738051e+00 -1.298247504915876593e+00 5.435265525317355184e+00 -8.346216479756640716e-01 1.760412131150127513e+00 -1.385598953258526445e+00 -4.531580132098773639e-01 5.698015175648599717e-01 4.733192357373729453e-01 2.704949772681836340e+00 -9.632537813745783994e-01 -7.466189199821015032e-01 -5.885839666966385941e-01 -1.729180965091897226e+00 8.242158488042244935e-01 4.965928091351536899e+00 1.200624808787791181e-01 1.421924561524468444e+00 -5.839912736071610766e-01 -5.853889425332767793e-01 2.264898501692357069e+00 2.433895934417489748e+00 1.574149106934693565e-01
2.079231014441659031e+00
-5.245761054908707477e-01
-1.404729176731279505e+00
-6.442923051089374242e-01
-9.472908531137888000e-01
2.126306730472308892e+00
-2.850238822102045155e+00
-7.163804302315573969e-01
-5.205827487386905927e-01
-1.819074343725274545e+00
-1.741567755091448344e+00
-5.383590580129783421e-01
-3.414933866803900875e-01
-7.528355582521130129e-01
-1.392473239822461295e+00
-6.164658488317458218e-01
-2.270737262181986349e+00
-7.010965674984359630e-01
-1.595947709086762423e+00
4.879781350012505348e-01
-9.661951862074877884e-01
-2.908856678456746558e-01
-2.561401024378324731e+00
3.324072788369943354e-01
-6.573906973552485766e-01
-2.022079818650778460e+00
-3.706334391896542457e-01
-4.978887804097490433e-01
-2.070413285386573321e+00
-1.104959559597735508e+00
-9.774590665829989700e-01
